10000010000110011001100100100100000000000000000000
10000010000110001001000100100100000000000000000000
10001001001011100010100011100010000000000000000000
10001001001011000010000011100010000000000000000000
10001000001011100010100011100010000000000000000000
10001000001011000010000011100010000000000000000000
10001010001011000010100011100100000000000000000000
10001010001011000010000011100100000000000000000000
10001000001011000010100011100100000000000000000000
10001000001011000010000011100100000000000000000000
11000010000000001001100100100100000000000000110000
11000010000000001001000100100100000000000000110000
01000000000000001001100100100100110100000000110000
10001000001011000010100011100010000011010000000000
01000000000000001001000100100100110100000000110000
10001000001011000010000011100010000011010000000000
00010000000000001001010100100100110100000000010000
00000001000000000010000011100010000000001100110110
10000000000000001001000100100100010000000000110100
00001000001011000010000011100100110100000000000000
00010000000000001001010100100100010000000000010000
10000000000000000010000011100010000011011100010010
01000000000000001001100100100100110100000000110000
00010000000000001001010100100100010000000000010000
10000000000000000010000011100010000011011100010010
00000010000110001001000100100100010000000000010100
00000000000000000010000011100100010100001100010010
10010000000000001001000100100100010000000000010000
00010000000000001001010100100100010000000000010000
00000001000000000010000011100010000001011100110110
00000010000110001001000100100100010100000000010000
11000000000000001001010100100100010000000000010000
00000000000000000010000011100100110100001100010010
00010000000000001001000100100100010000000000010000
10000010000000001001000100100100000000000000110100
00000000000000000010000011100100110100001100010010
00001000001011000010000011100010000011010000000000
10010000000000001001000100100100010000000000010000
11000000000000001100111000000100000000000000000000
11000000000000001100011000000100000000000000000000
10000000000000001100100100100100000000000000001000
10000000000000001100000100100100000000000000001000
11000000000000001100111000000010000000000000000000
11000000000000001100011000000010000000000000000000
10000000000000101100100100100010000000000000001000
10000000000000001100000100100010000000000000001000
10000000000000001001110111100100010000000000000000
10000000000000010001101111100001000000000100000000
00001000001011000010000011100100110100000000000000
00001000001011000010000111100100101100000000000000
10000100000000001001000100100100000000000000110100
10001100001010000001001011100100000000000000000000
00001000001011000010000011100100110100000000000000
00001000001011000010000111100100100000000000000000
10000100000000001001000100100100000000000000110100
00010000000000001001010100100100010000000000010000
00000000000000001001010111100100110100000000000000
10000000000000000010000011100010000011011100010010
00000000000000000010000011100100110100001100010010
00000000000000000001001111100001000000001101000000
10010000000000001001000100100100010000000000010000
00000000000100011001000100100100110100000000000000
00000010000110011001100100100100000000000000000000
10000100000000001001100100100100000000000000110100
00000000000100001001000100100100110100000000000000
00000010000110001001000100100100000000000000000000
10000100000000001001000100100100000000000000110100
00001000001011000010100011100100110100000000000000
00001000101011100010100011100010000000000000000000
10000010000000001001100100100100000000000000110100
00001000001011000010000011100100110100000000000000
00001000101011000010000011100010000000000000000000
10000010000000001001000100100100000000000000110100
00000000000000000001001100100100110100000000001100
10000000000001000010100011100100000000001100110100
10000000000000000001000101000101000000000000000000
10000000000000000001001001000101000000000000000000
01000000000000011001011001100000000000000000000000
01000000000000011001011001100000000000000000000000
11000000000000011001011001100101000000000000000000
01000000000000011001100001100000110100000000010000
01000000000000011001100001100000110100000000010000
01000000000000011001100001100100110100000000010000
00000000000000010001100100100101000000001101000000
10000000000000011001100000000100010000000000000000
10000000000000010001110101000101000000000000000000
10000000000000010001111001000101000000000000000000
10000000000000000001000001000100000000000000000000
10000000000000000001010001010100000000000000000000
11110100000110011001101000100101000000000000000000
11110100000110001001001000100101000000000000000000
00001000001011000010100011100100110100000000000000
01110000000000011001101000100101110100000000110100
10001000001011000010100011100010000011010000000000
00001000001011000010000011100100110100000000000000
01110000000000001001001000100101110100000000110100
10001000001011000010000011100010000011010000000000
11110100000110011001111000100101000000000000000000
11110100000110001001011000100101000000000000000000
00001000001011000010100011100100110100000000000000
01110000000000011001111000100101110100000000110100
10001000001011000010100011100010000011010000000000
00001000001011000010000011100100110100000000000000
01110000000000001001011000100101110100000000110100
10001000001011000010000011100010000011010000000000
00000000000110010001000001100000000000000000000000
00000000000110010001000001100000000000000000000000
10000000000110010001000001100101000000000000000000
00000000000110000001000001100000000000000000000000
00000000000110000001000001100000000000000000000000
10000000000110000001000001110101000000000000000000
00001000001011000010100011100100110100000000000000
00000000000000010001000001100000000000000000110100
00000000000000010001000001100000000000000000110100
10000000000000010001000001100101000000000000110100
00001000001011000010000011100100110100000000000000
00000000000000000001000001100000000000000000110100
00000000000000000001000001100000000000000000110100
10000000000000000001000001110101000000000000110100
00000000000110010001000101100000000000000000000000
00000000000110010001000101100000000000000000000000
10000000000110010001000101100101000000000000000000
00000000000110000001000101100000000000000000000000
00000000000110000001000101100000000000000000000000
10000000000110000001000101110101000000000000000000
00001000001011000010100011100100110100000000000000
00000000000000010001000101100000000000000000110100
00000000000000010001000101100000000000000000110100
10000000000000010001000101100101000000000000110100
00001000001011000010000011100100110100000000000000
00000000000000000001000101100000000000000000110100
00000000000000000001000101100000000000000000110100
10000000000000000001000101110101000000000000110100
01000010000110001001000101100000000000000000000000
01000010000110001001000101100000000000000000000000
11000010000110001001000101100101000000000000000000
00001000001011000010000011100100110100000000000000
01000010000110001001000101100000000000000000110100
01000010000110001001000101100000000000000000110100
11000010000110001001000101100101000000000000110100
00000000010000010001001001100000000000000000000000
00000000010000010001001001100000000000000000000000
10000000010000010001001001100100000000000000000000
00000000010000000001001001100000000000100000000000
00000000010000000001001001100000000000100000000000
10000000010000000001001001110100000000100000000000
00001000001011000010100011100100110100000000000000
00000000000000010001001001100000000000001101000000
00000000000000010001001001100000000000001101000000
10000000000000010001001001100100000000001101000000
00001000001011000010000011100100110100000000000000
00000000000000000001001001100000000000101101000000
00000000000000000001001001100000000000101101000000
10000000000000000001001001110100000000101101000000
00000000010000010001001101100000000000000000000000
00000000010000010001001101100000000000000000000000
10000000010000010001001101100100000000000000000000
00000000010000000001001101100000000000100000000000
00000000010000000001001101100000000000100000000000
10000000010000000001001101110100000000100000000000
00001000001011000010100011100100110100000000000000
00000000000000010001001101100000000000001101000000
00000000000000010001001101100000000000001101000000
10000000000000010001001101100100000000001101000000
00001000001011000010000011100100110100000000000000
00000000000000000001001101100000000000101101000000
00000000000000000001001101100000000000101101000000
10000000000000000001001101110100000000101101000000
10000010010000010001110100100101000000000000110000
10000010010000000001010100100101000000000000110000
00001000001011000010100011100100110100000000000000
00000000000000010001110100100101110100001101110000
10001000001011000010100011100010000011010000000000
00001000001011000010000011100100110100000000000000
00000000000000000001010100100101110100001101110000
10001000001011000010000011100010000011010000000000
10000010010100010001100010100101000000000000000000
10000010010100000001000010100101000000000000000000
00001000001011000010100011100100110100000000000000
00000000010000010001100010100101110100000000110100
10001000001011000010100011100010000011010000000000
00001000001011000010000011100100110100000000000000
00000000010000000001000010100101110100000000110100
10001000001011000010000011100010000011010000000000
00001000001011000010100011100100110100000000000000
10000010000100010001100010100101000000001101000000
00001000001011000010000011100100110100000000000000
10000010000100000001000010100101000000001101000000
11000010000100011001100010100101000000000000000000
11000010000100001001000010100101000000000000000000
00001000001011000010100011100100110100000000000000
01000000000000011001100010100101110100000000110100
10001000001011000010100011100010000011010000000000
00001000001011000010000011100100110100000000000000
01000000000000001001000010100101110100000000110100
10001000001011000010000011100010000011010000000000
10000010000100010001101010000100000000000000000000
10000010000100000001001010000100000000000000000000
00001000001011000010100011100100110100000000000000
00000000000000010001101010000100110100000000110100
10001000001011000010100011100010000011010000000000
00001000001011000010000011100100110100000000000000
00000000000000000001001010000100110100000000110100
10001000001011000010000011100010000011010000000000
11110010000110011001100011000101000000000000000000
11110010000110001001000011000101000000000000000000
10000010000110010001100011000101000000000001000000
10000010000110000001000011000101000000000001000000
00001000001011000010100011100100110100000000000000
01110000000000001001100011000101110100000000110100
10001000001011000010100011100010000011010000000000
00001000001011000010000011100100110100000000000000
01110000000000001001000011000101110100000000110100
10001000001011000010000011100010000011010000000000
00001000001011000010100011100100110100000000000000
00000000000000010001100011000101110100000001110100
10001000001011000010100011100010000011010000000000
00001000001011000010000011100100110100000000000000
00000000000000000001000011000101110100000001110100
10001000001011000010000011100010000011010000000000
11000010000110011001100011000101000000000000000000
11000010000110001001000011000101000000000000000000
00001000001011000010100011100100110100000000000000
01000000000000001001100011000101110100000000110100
10001000001011000010100011100010000011010000000000
00001000001011000010000011100100110100000000000000
01000000000000001001000011000101110100000000110100
10001000001011000010000011100010000011010000000000
10000010010100010001110010100001000000000000000000
10000010010100000001010010100001000000000000000000
00001000001011000010100011100100110100000000000000
10000010000100010001110010100001000000001101000000
00001000001011000010000011100100110100000000000000
10000010000100000001010010100001000000001101000000
11000010000100011001110010100001000000000000000000
11000010000100001001010010100001000000000000000000
00001000001011000010100011100100110100000000000000
11000000000000011001110010100001110100000000110100
00001000001011000010000011100100110100000000000000
11000000000000001001010010100001110100000000110100
00010000000000001001010100100100010000000000010000
00000000000000000010000011100010000011111100010010
11000000000000001001000100100100111100000000111100
00010000000000001001010100100100110100000000010000
00000000000000000010000011100010000011111100110110
00000000000110001001000100100100111100000000000000
10000000000000001001000100100100010000000000110100
00010000000000001001010100100100110100000000010000
00000000000000000010000011100010000011111100110110
00001000001011000010000011100100111100000000000000
10000000000000001001000100100100010000000000110100
00100000000000001001010100100100010000000000010000
00000000000000000010000011100010000011111100010010
00000000000000000010000111100010000010011100010010
01000000000000001001000100100100100100000000110000
10110000000000001001000100100100111100000000110000
00100000000000001001010100100100110100000000010000
00000000000000000010000011100010000011111100110110
00000000000000000010000111100010000010011100110110
00001000001011000010000011100100111100000000000000
00001000001011000010000111100100100100000000000000
10000000000000001001000100100100010000000000110100
11000000010000001001000100101000111100000000111100
11000000000000001001000100101000111100010000111100
11000000000000001001000100100100111100000000111100
10000000000110001001000100100100111100000000000000
10001000001011000010000011100100111100000000000000
01000000000000001001000100100100100100000000110000
10110000000000001001000100100100111100000000110000
00001000001011000010000011100100111100000000000000
10001000001011000010000111100100100100000000000000
01010000000000001001000100100100000100000000000100
11000000000000001001000100101000111100010001111100
01010000000000001001000100100100000100000000000100
11000000000000001001000100101000111100010010111100
01010000000000001001000100100100000100000000000100
11000000000000001001000100101000111100010011111100
00000000000000000010000011100100111100001100010010
10010000000000001001000100100100010000000000010000
00000000000000000010000011100100111100001100010010
00010000000000001001000100100100010000000000010000
11000000000000001001000100100100010000000000010000
00000000000000000010000011100100111100001100010010
00010000000000001001000100100100010000000000010000
00000000000000000010000011100100100100001100010010
10010000000000001001000100100100010000000000010000
00000000000000000010000011100100111100001100010010
00010000000000001001000100100100010000000000010000
00000000000000000010000011100100100100001100010010
00010000000000001001000100100100010000000000010000
11000000000000001001000100100100010000000000010000
00000000000001001010100011100100110000000000011000
00000000000000001010100011100100110100000000011100
00000000000000000001110100100001000000001101110000
00000000000000001001000000000100110000000000000000
01110000000000001001011111100100011000000000011000
11110000000000001001011111100100011100000000011100
00000000000001001010000011100100110000000000011000
00000000000000001010000011100100110100000000011100
00000000000000000001010100100001000000001101110000
00000000000000001001000000000100110000000000000000
00010000000000001001011111100100011000000000011000
10010000000000001001011111100100011100000000011100
00000000000001001010100011100100110000000000011000
00000000000000001010100011100100110100000000011100
00000000000000000001110100100001000000001101110000
00000000000000001001000000000100110000000000000000
01110000000000001001011111100100011000000000011000
01110000000000001001011111100100011100000000011100
11010000000000001001000100100100000100000000000100
00000000000001001010000011100100110000000000011000
00000000000000001010000011100100110100000000011100
00000000000000000001010100100001000000001101110000
00000000000000001001000000000100110000000000000000
00010000000000001001011111100100011000000000011000
00010000000000001001011111100100011100000000011100
11010000000000001001000100100100000100000000000100
00000000000001000010100011100100000000001100011000
11110000000000001001011111100100011000000000011000
00000000000001000010000011100100000000001100011000
10010000000000001001011111100100011000000000011000
00000000000001000010100011100100000000001100011000
01110000000000001001011111100100011000000000011000
11010000000000001001000100100100000100000000000100
00000000000001000010000011100100000000001100011000
00010000000000001001011111100100011000000000011000
11010000000000001001000100100100000100000000000100
00000000000001000010100011100100110100001100011000
00000000000000000010100011100010000011011100011100
01110000000000001001011111100100011000000000011000
11110000000000001001011111100100011100000000011100
00000000000001000010000011100100110100001100011000
00000000000000000010000011100010000011011100011100
00010000000000001001011111100100011000000000011000
10010000000000001001011111100100011100000000011100
00000000000001000010100011100100110100001100011000
00000000000000000010100011100010000011011100011100
01110000000000001001011111100100011000000000011000
01110000000000001001011111100100011100000000011100
11010000000000001001000100100100000100000000000100
00000000000001000010000011100100110100001100011000
00000000000000000010000011100010000011011100011100
00010000000000001001011111100100011000000000011000
00010000000000001001011111100100011100000000011100
11010000000000001001000100100100000100000000000100
00000000000000000010100011100100110100001100011100
00000000000000010001110100100001000000001101000000
11110000000000001001011111100100011100000000011100
00000000000000000010000011100100110100001100011100
00000000000000000001010100100001000000001101000000
10010000000000001001011111100100011100000000011100
00000000000000000010100011100100110100001100011100
00000000000000010001110100100001000000001101000000
01110000000000001001011111100100011100000000011100
11010000000000001001000100100100000100000000000100
00000000000000000010000011100100110100001100011100
00000000000000000001010100100001000000001101000000
00010000000000001001011111100100011100000000011100
11010000000000001001000100100100000100000000000100
00000000000000100010100011100010000000001100011100
11110000000000001001011111100100011100000000011100
00000000000000000010000011100010000000001100011100
10010000000000001001011111100100011100000000011100
00000000000000100010100011100010000000001100011100
01110000000000001001011111100100011100000000011100
11010000000000001001000100100100000100000000000100
00000000000000000010000011100010000000001100011100
00010000000000001001011111100100011100000000011100
11010000000000001001000100100100000100000000000100
00010000000000001001010100100100010000000000010000
00000000000000001001010111100100110100000000000000
00000000000000000010000011100010000011011100010010
00000000000000001001011011100001000000000000000000
00100000000000001001010100100100010000000000010000
00000000000000000010000011100010000011111100010010
00000000000000000010000111100010000010011100010010
01100000000000001001000000000100110100000000000000
00010000000000001001010011000100110100000000110100
00010000000000001010000100100100100100000000110100
10000000000000001010000100100100111100000000110100
00010000000000001001010100100100010000000000010000
00000000000000001001010111100100110100000000000000
00000000000000000010000011100010000011011100010010
00000000000000001001011011100001000000000000000000
00100000000000001001010100100100010000000000010000
00000000000000000010000011100010000011111100010010
00000000000000000010000111100010000010011100010010
01000000000000001001000000000100110100000000000000
00010000000000001001010011000100110100000000110100
00010000000000001010000100100100100100000000110100
10000000000000001010000100100100111100000000110100
00010000000000001001010100100100010000000000010000
00000000000000001001010111100100110100000000000000
00000000000000000010000011100010000011011100010010
00000000000000001001011011100001000000000000000000
00100000000000001001010100100100010000000000010000
00000000000000000010000011100010000011101100010010
00000000000000000010000111100010000010011100010010
00010000000000001010000100100100100100000000110000
10000000000000001010000100100100111100000000110000
00010000000000001001010100100100010000000000010000
00000000000000001001010111100100110100000000000000
00000000000000000010000011100010000011011100010010
00000000000000001001011011100001000000000000000000
00100000000000001001010100100100010000000000010000
00000000000000000010000011100010000011111100010010
00000000000000000010000111100010000010011100010010
00100000000000001001000000000100110100000000000000
00010000000000001010000100100100100100000000110100
10000000000000001010000100100100111100000000110100
00010000000000001001010100100100010000000000010000
00000000000000000000000000000100111000000000000000
00000000000000001001010111100100110100000000000000
00000000000000000010000011100010000011011100010010
00000000000000001001011011100001000000000000000000
00100000000000001001010100100100010000000000010000
00000000000000000010000011100010000011111100010010
00000000000000000010000111100010000010011100010010
00010000000000001001010011000100110100000000111000
00010000000000001010000100100100100100000000110100
10000000000000001010000100100100111100000000110100
00010000000000001001010100100100010000000000010000
00000000000000000000000000000100111100000000000000
00000000000000001001010111100100110100000000000000
00000000000000000010000011100010000011011100010010
00000000000000001001011011100001000000000000000000
00100000000000001001010100100100010000000000010000
00000000000000000010000011100010000011101100010010
00000000000000000010000111100010000010011100010010
00010000000000001001010011000100110100000000111100
00010000000000001010000100100100100100000000110100
10000000000000001010000100100100111100000000110100
00000000000000000000011101000000000000000000000000
00010000000000001001010100100100010000000000010000
00000000000000001001010111100100110100000000000000
00000000000000000010000011100010000011011100010010
00000000000000001001011011100001000000000000000000
00100000000000001001010100100100010000000000010000
00000000000000000010000011100010000011111100010010
00000000000000000010000111100010000010011100010010
00100000000000001001000000000100110100000000000000
00010000000000001001010011000100110100000000110100
00010000000000001010000100100100100100000000110100
10000000000000001010000100100100111100000000110100
00000000000000000010000011100100111100001100010010
00010000000000001001000100100100010000000000010000
00000000000000000010000011100100100100001100010010
00010000000000001001000100100100010000000000010000
00000000000000000010000011100100110100001100010010
00000000000000000001001111100001000000001101000000
10010000000000001001000100100100010000000000010000
10000000000000000000000000000000000000000000000000
11010000000000001001010011100001000000000000000000
10100000000000001001010011100001000000000000000000
10010000000000001001010011100001000000000000000000
10000000000000001001010011100001000000000000000000
11010000000000001001010111100001000000000000000000
10100000000000001001010111100001000000000000000000
10010000000000001001010111100001000000000000000000
10000010000100000001000010000000000000000000000000
00001000001011000010000011100000110100000000000000
10000000000000000001000010000000110100000000110100
00000000000000001001000100100100110100000000010000
00100000000000001001010100100100010000000000010000
00000001000000000010000011100010000000011100110110
00000001000000000010000111100010000000001100110110
00100000000000001001010100100100010000000000010000
00000001000000000010000011100010000000111100110110
00000001000000000010000111100010000000101100110110
00100000000000001001010100100100010000000000010000
00000001000000000010000011100010000001011100110110
00000001000000000010000111100010000011011100110110
00100000000000001001010100100100010000000000010000
00000001000000000010000011100010000001111100110110
10000001000000000010000111100010000001101100110110
00000000000000000010000011100100011100001100010010
00000000000000000010000111100100011000001100010010
00100000000000001001000100100100010000000000010000
00000000000000000010000011100100010100001100010010
00100000000000001001000100100100010000000000010000
00000000000000000010000011100100001100001100010010
00000000000000000010000111100100001000001100010010
00100000000000001001000100100100010000000000010000
00000000000000000010000011100100001100001100010010
00000000000000000010000111100100001000001100010010
10100000000000001001000100100100010000000000010000
01010000000000001001000100100100111100000000111100
00010000000000001001010100100100010000000000010000
00000000000000001001010111100100110100000000000000
00000000000000000010000011100010000011011100010010
00000000000000001001011011100001000000000000000000
00100000000000001001010100100100010000000000010000
00000000000000000010000011100010000011101100010010
00000000000000000010000111100010000010011100010010
00100000000000001001000000000100110100000000000000
00010000000000001001000100100100110100000000110100
00010000000000001001010011000100110100000000110100
00010000000000001010000100100100100100000000110100
10000000000000001010000100100100111100000000110100
00000000000000000000000000000000000000000000000000
00000000000000000000000000000000000000000000000000
00000000000000000000000000000000000000000000000000
00000000000000000000000000000000000000000000000000
00000000000000000000000000000000000000000000000000
00000000000000000000000000000000000000000000000000
00000000000000000000000000000000000000000000000000
00000000000000000000000000000000000000000000000000
00000000000000000000000000000000000000000000000000
00000000000000000000000000000000000000000000000000
00000000000000000000000000000000000000000000000000
00000000000000000000000000000000000000000000000000
00000000000000000000000000000000000000000000000000
